/**:
  ros__parameters:
    L1: 0.154
    L2: 0.100699
    L3: 0.31274
    L4: 0.112946
    W1: 0.0
    W2: 0.0
    link_radius: 0.048
    link_width: 0.034
    
